Is physical? False
lambda = 4.8247314014729205e-05
g = 0.203798231555746
vev = 1048570.2353721078 MeV
m_phi = 10300.28150037276 MeV
m_Z = 213696.7596308279 MeV
T_crit = 82050.6209178593 MeV
T_nuc = 42106.74855087112 MeV
T_perc = 41993.9682279112 MeV
T_completion = 41991.94107556148 MeV
T_min = 41394.41111242662 MeV
T_reh = 43039.89734828602 MeV
Minimal value of P_f = 0.0
alpha = 0.10341083988717126, alpha_inf = 0.10413336516332254, alpha_eq = 0.020419787734890813
gamma_* = 130940524881.75688, gamma_eq = -0.03538358407696482
Is runaway? False
RH = 0.0003628546733994211
