Is physical? True
lambda = 4.8247314014729205e-05
g = 0.203798231555746
vev = 1048570.2353721078 MeV
m_phi = 10300.28150037276 MeV
m_Z = 213696.7596308279 MeV
T_crit = 82050.6209178593 MeV
T_nuc = 42115.70000725333 MeV
T_perc = 41805.07989834008 MeV
T_completion = 41805.07989834008 MeV
T_min = 41394.41111242662 MeV
T_reh = 42865.46828017929 MeV
Minimal value of P_f = 0.0
alpha = 0.10538625194427097, alpha_inf = 0.10516815265428764, alpha_eq = 0.020528668949109662
gamma_* = 3.4526279963329024e+17, gamma_eq = 0.010624132062531383
Is runaway? True
RH = 1103.3985826031062
