Is physical? True
lambda = 0.006
g = 0.74999
vev = 1000 MeV
m_phi = 109.54451150103323 MeV
m_Z = 749.99 MeV
T_crit = 231.5 MeV
T_nuc = 26.687892328551253 MeV
T_perc = 18.01560610756201 MeV
T_completion = 10.947344062019186 MeV
T_min = 0 MeV
T_reh = 107.86173248327015 MeV
Minimal value of P_f = 2.8566263326025903e-11
alpha = 1283.9139826239873, alpha_inf = 38.44626266550883, alpha_eq = 12.335753027393837
gamma_* = 9.478539658445302e+17, gamma_eq = 100.96406090432302
Is runaway? True
RH = 0.6211069034316293
