Is physical? True
lambda = 0.006
g = 0.749938
vev = 3 GeV
m_phi = 0.3286335345030997 GeV
m_Z = 2.2498139999999998 GeV
T_crit = 0.694499999999984 GeV
T_nuc = 0.07576048393300892 GeV
T_perc = 0.051283045025158736 GeV
T_completion = 0.031415068575028265 GeV
T_min = 0 GeV
T_reh = 0.31192040139339455 GeV
Minimal value of P_f = 1.4346679733233742e-10
alpha = 1367.6106240773013, alpha_inf = 35.78955898690669, alpha_eq = 10.895331174761226
gamma_* = 3.0819069325324205e+17, gamma_eq = 122.23777723944052
Is runaway? True
RH = 0.6402816684873273
