Is physical? True
lambda = 0.01
g = 0.85412
vev = 1 GeV
m_phi = 0.1414213562373095 GeV
m_Z = 0.85412 GeV
T_crit = 0.2617500000000081 GeV
T_nuc = 0.05575274650287752 GeV
T_perc = 0.03871619717680384 GeV
T_completion = 0.022746242680154332 GeV
T_min = 0 GeV
T_reh = 0.12009972940357135 GeV
Minimal value of P_f = 1.8400431231865525e-10
alpha = 91.59709107283386, alpha_inf = 9.584914642076502, alpha_eq = 7.504402295502999
gamma_* = 1.8742891929263908e+18, gamma_eq = 10.928542101201455
Is runaway? True
RH = 0.6972374627676947
