Is physical? True
lambda = 0.00165
g = 0.54
vev = 500 MeV
m_phi = 28.722813232690143 MeV
m_Z = 270.0 MeV
T_crit = 84.82499999999999 MeV
T_nuc = 15.267372869199678 MeV
T_perc = 14.872176393450811 MeV
T_completion = 14.81094645742584 MeV
T_min = 11.546526238129356 MeV
T_reh = 39.858974755520876 MeV
Minimal value of P_f = 0.0
alpha = 50.59485348110674, alpha_inf = 7.615119311303043, alpha_eq = 2.9191485081457222
gamma_* = 2.2882833420669468e+16, gamma_eq = 14.723380482312267
Is runaway? True
RH = 0.00712665764235068
