Is physical? True
lambda = 0.0015
g = 0.5
vev = 500 MeV
m_phi = 27.386127875258307 MeV
m_Z = 250.0 MeV
T_crit = 88.5 MeV
T_nuc = 43.81556642788037 MeV
T_perc = 43.22481541463129 MeV
T_completion = 43.14052594194803 MeV
T_min = 37.07910092712668 MeV
T_reh = 49.332994079542104 MeV
Minimal value of P_f = 0.0
alpha = 0.6967478480734272, alpha_inf = 0.6767548369583627, alpha_eq = 0.6990792413427208
gamma_* = 1.4720593394408854e+16, gamma_eq = 0.028599062785305863
Is runaway? True
RH = 0.0036151522347960827
