Is physical? False
lambda = 0.00165
g = 0.54
vev = 500 MeV
m_phi = 28.722813232690143 MeV
m_Z = 270.0 MeV
T_crit = 76.875 MeV
T_nuc = 24.35912568845237 MeV
T_perc = 23.92440821236136 MeV
T_completion = 23.8579384204397 MeV
T_min = 19.862674307166927 MeV
T_reh = [39.94025298] MeV
Minimal value of P_f = 0.0
alpha = [6.76744934], alpha_inf = 2.381617778931879, alpha_eq = 1.4690625762348746
gamma_* = 1.548972836111657e+16, gamma_eq = [2.98546272]
Is runaway? [ True]
RH = 0.004965372992416515
