Is physical? True
lambda = 0.011164636624528162
g = 0.8792133660979571
vev = 50.85961472008571 MeV
m_phi = 7.599943437725418 MeV
m_Z = 44.716453056491765 MeV
T_crit = 13.643091648662526 MeV
T_nuc = 3.736996739539463 MeV
T_perc = 3.0375823683707233 MeV
T_completion = 2.7339745451357933 MeV
T_min = 0 MeV
T_reh = 6.47757106742131 MeV
Minimal value of P_f = 0.0
alpha = 19.679331381181555, alpha_inf = 4.973453643465714, alpha_eq = 6.179361998703912
gamma_* = 1.0704616446048403e+19, gamma_eq = 2.379837552938365
Is runaway? True
RH = 0.16369972861300877
