Is physical? True
lambda = 0.0015052724071742338
g = 0.5305374066078483
vev = 46.720288890003964 MeV
m_phi = 2.5634689872589047 MeV
m_Z = 24.78686090367217 MeV
T_crit = 7.6854875224058645 MeV
T_nuc = 0.11791864057026347 MeV
T_perc = 0.1072731213829693 MeV
T_completion = 0.10250708210624432 MeV
T_min = 0.04126559765382142 MeV
T_reh = 4.025017668663935 MeV
Minimal value of P_f = 0.0
alpha = 1982016.5411070655, alpha_inf = 1644.0918589166045, alpha_eq = 47.810444975718525
gamma_* = 6.683598936632867e+17, gamma_eq = 41421.334820328906
Is runaway? True
RH = 0.12846012279721605
