Is physical? True
lambda = 0.0053288006510653
g = 0.7277324161317036
vev = 42.12259638889875 MeV
m_phi = 4.348553999644265 MeV
m_Z = 30.65397884383386 MeV
T_crit = 9.47758418750253 MeV
T_nuc = 1.4573857718799696 MeV
T_perc = 1.2289397050625852 MeV
T_completion = 1.1304980456808364 MeV
T_min = 0 MeV
T_reh = 4.43241926036214 MeV
Minimal value of P_f = 0.0
alpha = 168.2158462645832, alpha_inf = 14.176695406111516, alpha_eq = 7.152157217149285
gamma_* = 8.116435298123363e+18, gamma_eq = 21.53743915040346
Is runaway? True
RH = 0.13565834350694053
