Is physical? True
lambda = 0.05470235737745018
g = 1.355135688825716
vev = 20.36109221456702 MeV
m_phi = 6.734712952172966 MeV
m_Z = 27.592042723431202 MeV
T_crit = 7.599777669086919 MeV
T_nuc = 3.707693855127895 MeV
T_perc = 3.103841447205591 MeV
T_completion = 2.767900643002639 MeV
T_min = 0 MeV
T_reh = 4.054844523304456 MeV
Minimal value of P_f = 0.0
alpha = 1.912719835339151, alpha_inf = 1.8558013930435797, alpha_eq = 8.939291633161924
gamma_* = 3.133645363273113e+19, gamma_eq = 0.00636722065140173
Is runaway? True
RH = 0.1768047757492707
