Is physical? True
lambda = 0.003206868791041216
g = 0.640970709500507
vev = 114.13675256191728 MeV
m_phi = 9.14073472058913 MeV
m_Z = 73.15831526969593 MeV
T_crit = 22.65329196472695 MeV
T_nuc = 0.9046251921694176 MeV
T_perc = 0.6842119802266866 MeV
T_completion = 0.6360769948436903 MeV
T_min = 0 MeV
T_reh = 10.578342248326827 MeV
Minimal value of P_f = 2.047234517980538e-300
alpha = 57134.72715376755, alpha_inf = 261.61676393075265, alpha_eq = 23.938902356669388
gamma_* = 1.1929152285201526e+18, gamma_eq = 2375.7609911463596
Is runaway? True
RH = 0.22507087770308062
