Is physical? False
lambda = 0.014446298648795583
g = 0.777731050660071
vev = 41.20782848854237 MeV
m_phi = 7.004433581792717 MeV
m_Z = 32.04860774581406 MeV
T_crit = 14.420679579565785 MeV
T_nuc = 12.442943256626634 MeV
T_perc = 12.320295075611705 MeV
T_completion = 12.30075820458031 MeV
T_min = 9.744432858075765 MeV
T_reh = 12.484345208816169 MeV
Minimal value of P_f = 0.0
alpha = 0.05433503482327505, alpha_inf = 0.14273803193476023, alpha_eq = 0.8389396272562154
gamma_* = 5.549395481743594e+16, gamma_eq = -0.10537468280120539
Is runaway? False
RH = 0.002771692811809642
