Is physical? True
lambda = 0.004488898148959398
g = 0.6972679726505687
vev = 44.10345365114855 MeV
m_phi = 4.178856646261857 MeV
m_Z = 30.751925714224672 MeV
T_crit = 9.50429426182296 MeV
T_nuc = 0.9113160679557184 MeV
T_perc = 0.7400677344317045 MeV
T_completion = 0.683334649340159 MeV
T_min = 0 MeV
T_reh = 4.456097473516787 MeV
Minimal value of P_f = 0.0
alpha = 1313.4160322505006, alpha_inf = 39.78547491190038, alpha_eq = 11.0699755034094
gamma_* = 4.261057032095238e+18, gamma_eq = 115.05269880193859
Is runaway? True
RH = 0.13766010659387312
