Is physical? True
lambda = 0.012140067768469315
g = 0.8986881748204731
vev = 47.46316642502627 MeV
m_phi = 7.3957506683278025 MeV
m_Z = 42.65458640570722 MeV
T_crit = 12.98117601724484 MeV
T_nuc = 3.743457358332235 MeV
T_perc = 3.020397774587561 MeV
T_completion = 2.678636382487135 MeV
T_min = 0 MeV
T_reh = 6.183467627416571 MeV
Minimal value of P_f = 0.0
alpha = 16.56595635504375, alpha_inf = 4.589411114942926, alpha_eq = 6.206758411565279
gamma_* = 1.3367976142374689e+19, gamma_eq = 1.9295974558610962
Is runaway? True
RH = 0.18364927552651322
