Is physical? True
lambda = 0.006
g = 0.74988
vev = 500 MeV
m_phi = 54.772255750516614 MeV
m_Z = 374.94 MeV
T_crit = 115.75 MeV
T_nuc = 16.55515784689994 MeV
T_perc = 11.717986074050307 MeV
T_completion = 7.1625436634957165 MeV
T_min = 0 MeV
T_reh = 53.94222337313222 MeV
Minimal value of P_f = 6.576169202537135e-12
alpha = 448.0590592450371, alpha_inf = 23.12275906483861, alpha_eq = 9.649904529281065
gamma_* = 3.36768025568814e+18, gamma_eq = 44.03528541560162
Is runaway? True
RH = 0.634316988160021
