Is physical? True
lambda = 0.006
g = 0.75002
vev = 500 MeV
m_phi = 54.772255750516614 MeV
m_Z = 375.01 MeV
T_crit = 115.75 MeV
T_nuc = 13.93805315494274 MeV
T_perc = 9.607274117323195 MeV
T_completion = 6.38594908172147 MeV
T_min = 0 MeV
T_reh = 53.84258297583765 MeV
Minimal value of P_f = 6.565160382796189e-17
alpha = 985.5130051198414, alpha_inf = 34.451640226780746, alpha_eq = 11.790195383239391
gamma_* = 1.6873494376225344e+18, gamma_eq = 80.66544565029538
Is runaway? True
RH = 0.5285939156592356
