Is physical? True
lambda = 0.006
g = 0.75002
vev = 0.5 GeV
m_phi = 0.05477225575051661 GeV
m_Z = 0.37501 GeV
T_crit = 0.11575000000000404 GeV
T_nuc = 0.013941307619731102 GeV
T_perc = 0.009630019330346882 GeV
T_completion = 0.006403612662093527 GeV
T_min = 0 GeV
T_reh = 0.05384364995785388 GeV
Minimal value of P_f = 6.240493200638858e-17
alpha = 976.3032281006074, alpha_inf = 34.288988682691205, alpha_eq = 11.762314097007431
gamma_* = 1.6784940070744084e+18, gamma_eq = 80.087492278206
Is runaway? True
RH = 0.5262593689787444
